\099000_resized\099000.png 114 143 190 143 154 189 119 227 179 227 
\099000_resized\099001.png 114 143 190 143 154 190 118 228 187 229 
\099000_resized\099002.png 114 143 190 143 155 195 115 223 187 224 
\099000_resized\099003.png 114 143 190 143 152 190 118 221 186 220 
\099000_resized\099004.png 114 143 190 143 159 204 113 218 187 220 
\099000_resized\099005.png 114 143 190 143 146 194 116 222 189 221 
\099000_resized\099006.png 114 143 190 143 162 203 117 221 186 219 
\099000_resized\099007.png 114 143 190 143 149 189 120 225 181 224 
\099000_resized\099008.png 114 143 190 143 159 194 115 222 190 220 
\099000_resized\099009.png 114 143 190 143 158 186 116 219 185 217 
\099000_resized\099010.png 114 143 190 143 145 188 115 216 189 217 
\099000_resized\099011.png 114 143 190 143 143 191 119 224 190 226 
\099000_resized\099012.png 114 143 190 143 167 201 120 224 185 219 
\099000_resized\099013.png 114 143 190 143 156 192 121 229 182 226 
\099000_resized\099014.png 114 143 190 143 145 197 116 218 191 220 
\099000_resized\099015.png 114 143 190 143 139 198 116 223 194 223 
\099000_resized\099016.png 114 143 190 143 162 184 120 224 188 224 
\099000_resized\099017.png 114 143 190 143 150 188 118 223 189 222 
\099000_resized\099018.png 114 143 190 143 138 190 119 220 190 221 
\099000_resized\099019.png 114 143 190 143 157 190 116 222 192 222 
\099000_resized\099020.png 114 143 190 143 143 188 117 215 190 215 
\099000_resized\099021.png 114 143 190 143 144 188 115 220 191 215 
\099000_resized\099022.png 114 143 190 143 149 189 117 221 188 221 
\099000_resized\099023.png 114 143 190 143 152 192 111 216 194 217 
\099000_resized\099024.png 114 143 190 143 151 187 117 223 187 223 
\099000_resized\099025.png 114 143 190 143 162 189 124 223 188 224 
\099000_resized\099026.png 114 143 190 143 156 186 118 221 188 222 
\099000_resized\099027.png 114 143 190 143 147 195 120 224 185 225 
\099000_resized\099028.png 114 143 190 143 152 177 110 214 189 215 
\099000_resized\099029.png 114 143 190 143 146 181 122 218 181 218 
\099000_resized\099030.png 114 143 190 143 151 192 120 221 187 222 
\099000_resized\099031.png 114 143 190 143 154 191 123 226 186 226 
\099000_resized\099032.png 114 143 190 143 143 189 114 215 189 218 
\099000_resized\099033.png 114 143 190 143 131 189 123 229 178 227 
\099000_resized\099034.png 114 143 190 143 161 192 124 221 181 221 
\099000_resized\099035.png 114 143 190 143 165 196 115 219 189 217 
\099000_resized\099036.png 114 143 190 143 155 191 117 220 186 220 
\099000_resized\099037.png 114 143 190 143 145 187 117 220 187 221 
\099000_resized\099038.png 114 143 190 143 155 187 117 225 186 222 
\099000_resized\099039.png 114 143 190 143 154 200 120 229 181 227 
\099000_resized\099040.png 114 143 190 143 158 193 116 228 190 227 
\099000_resized\099041.png 114 143 190 143 142 193 119 225 186 224 
\099000_resized\099042.png 114 143 190 143 155 189 118 219 181 220 
\099000_resized\099043.png 114 143 190 143 160 194 113 223 188 219 
\099000_resized\099044.png 114 143 190 143 157 196 116 221 185 221 
\099000_resized\099045.png 114 143 190 143 144 186 123 227 183 226 
\099000_resized\099046.png 114 143 190 143 152 183 117 214 183 215 
\099000_resized\099047.png 114 143 190 143 153 192 116 221 190 224 
\099000_resized\099048.png 114 143 190 143 149 192 121 220 185 219 
\099000_resized\099049.png 114 143 190 143 153 199 117 220 187 222 
\099000_resized\099050.png 114 143 190 143 150 183 117 215 190 216 
\099000_resized\099051.png 114 143 190 143 157 191 111 221 189 224 
\099000_resized\099052.png 114 143 190 143 145 192 119 218 189 219 
\099000_resized\099053.png 114 143 190 143 148 191 116 217 189 219 
\099000_resized\099054.png 114 143 190 143 141 179 120 227 182 225 
\099000_resized\099055.png 114 143 190 143 163 184 121 227 185 228 
\099000_resized\099056.png 114 143 190 143 153 193 118 225 186 225 
\099000_resized\099057.png 114 143 190 143 149 182 115 217 191 218 
\099000_resized\099058.png 114 143 190 143 160 200 115 222 190 223 
\099000_resized\099059.png 114 143 190 143 153 200 121 226 183 226 
\099000_resized\099060.png 114 143 190 143 157 186 113 219 191 219 
\099000_resized\099061.png 114 143 190 143 160 198 119 221 187 221 
\099000_resized\099062.png 114 143 190 143 156 182 126 226 181 225 
\099000_resized\099063.png 114 143 190 143 175 188 119 226 181 225 
\099000_resized\099064.png 114 143 190 143 162 193 120 225 186 226 
\099000_resized\099065.png 114 143 190 143 157 197 117 222 184 220 
\099000_resized\099066.png 114 143 190 143 159 180 117 220 186 220 
\099000_resized\099067.png 114 143 190 143 153 190 121 229 184 226 
\099000_resized\099068.png 114 143 190 143 148 187 118 224 186 225 
\099000_resized\099069.png 114 143 190 143 176 199 112 227 186 218 
\099000_resized\099070.png 114 143 190 143 135 187 121 221 188 224 
\099000_resized\099071.png 114 143 190 143 136 181 121 224 182 226 
\099000_resized\099072.png 114 143 190 143 123 184 120 227 178 227 
\099000_resized\099073.png 114 143 190 143 143 187 114 221 187 222 
\099000_resized\099074.png 114 143 190 143 160 197 114 219 190 219 
\099000_resized\099075.png 114 143 190 143 145 189 118 222 188 223 
\099000_resized\099076.png 114 143 190 143 152 183 123 221 186 222 
\099000_resized\099077.png 114 143 190 143 146 191 119 220 191 220 
\099000_resized\099078.png 114 143 190 143 150 195 126 229 182 228 
\099000_resized\099079.png 114 143 190 143 159 188 111 220 189 220 
\099000_resized\099080.png 114 143 190 143 157 193 117 223 185 223 
\099000_resized\099081.png 114 143 190 143 149 189 123 221 186 222 
\099000_resized\099082.png 114 143 190 143 150 187 117 226 189 226 
\099000_resized\099083.png 114 143 190 143 147 194 112 217 191 219 
\099000_resized\099084.png 114 143 190 143 154 193 117 220 187 218 
\099000_resized\099085.png 114 143 190 143 154 190 114 221 189 218 
\099000_resized\099086.png 114 143 190 143 162 193 115 223 190 220 
\099000_resized\099087.png 114 143 190 143 160 190 116 218 191 215 
\099000_resized\099088.png 114 143 190 143 170 187 119 225 186 227 
\099000_resized\099089.png 114 143 190 143 152 181 119 219 184 216 
\099000_resized\099090.png 114 143 190 143 135 191 120 222 190 220 
\099000_resized\099091.png 114 143 190 143 156 189 119 228 186 222 
\099000_resized\099092.png 114 143 190 143 160 189 122 224 183 227 
\099000_resized\099093.png 114 143 190 143 158 196 117 217 188 213 
\099000_resized\099094.png 114 143 190 143 159 185 122 220 183 221 
\099000_resized\099095.png 114 143 190 143 165 191 125 227 183 227 
\099000_resized\099096.png 114 143 190 143 168 198 122 226 184 222 
\099000_resized\099097.png 114 143 190 143 150 189 118 216 190 215 
\099000_resized\099098.png 114 143 190 143 153 191 116 220 186 221 
\099000_resized\099099.png 114 143 190 143 151 192 120 223 187 223 
\099000_resized\099100.png 114 143 190 143 171 193 119 223 185 220 
\099000_resized\099101.png 114 143 190 143 157 182 119 214 185 212 
\099000_resized\099102.png 114 143 190 143 158 196 119 218 185 215 
\099000_resized\099103.png 114 143 190 143 150 204 119 223 184 223 
\099000_resized\099104.png 114 143 190 143 160 194 116 221 190 219 
\099000_resized\099105.png 114 143 190 143 137 188 118 216 189 220 
\099000_resized\099106.png 114 143 190 143 138 185 115 221 191 221 
\099000_resized\099107.png 114 143 190 143 167 194 115 220 185 219 
\099000_resized\099108.png 114 143 190 143 157 190 118 222 188 221 
\099000_resized\099109.png 114 143 190 143 152 189 114 215 192 215 
\099000_resized\099110.png 114 143 190 143 145 188 122 222 184 223 
\099000_resized\099111.png 114 143 190 143 143 193 120 226 188 224 
\099000_resized\099112.png 114 143 190 143 173 193 121 223 186 222 
\099000_resized\099113.png 114 143 190 143 151 185 118 221 184 220 
\099000_resized\099114.png 114 143 190 143 151 190 110 219 185 222 
\099000_resized\099115.png 114 143 190 143 153 197 113 218 189 219 
\099000_resized\099116.png 114 143 190 143 137 193 121 224 185 226 
\099000_resized\099117.png 114 143 190 143 153 194 116 221 187 223 
\099000_resized\099118.png 114 143 190 143 164 195 114 219 190 218 
\099000_resized\099119.png 114 143 190 143 151 196 118 217 190 218 
\099000_resized\099120.png 114 143 190 143 149 194 117 223 187 224 
\099000_resized\099121.png 114 143 190 143 150 194 112 217 191 217 
\099000_resized\099122.png 114 143 190 143 142 191 112 220 192 219 
\099000_resized\099123.png 114 143 190 143 153 183 124 224 183 226 
\099000_resized\099124.png 114 143 190 143 171 193 119 226 183 224 
\099000_resized\099125.png 114 143 190 143 166 187 122 227 180 226 
\099000_resized\099126.png 114 143 190 143 166 195 117 221 183 219 
\099000_resized\099127.png 114 143 190 143 137 183 118 222 187 225 
\099000_resized\099128.png 114 143 190 143 169 191 116 221 189 218 
\099000_resized\099129.png 114 143 190 143 158 189 115 218 191 217 
\099000_resized\099130.png 114 143 190 143 136 194 119 224 189 226 
\099000_resized\099131.png 114 143 190 143 163 192 120 222 182 218 
\099000_resized\099132.png 114 143 190 143 149 187 117 220 186 220 
\099000_resized\099133.png 114 143 190 143 167 203 117 225 184 223 
\099000_resized\099134.png 114 143 190 143 149 190 115 218 189 218 
\099000_resized\099135.png 114 143 190 143 146 187 111 218 192 217 
\099000_resized\099136.png 114 143 190 143 152 180 124 216 187 214 
\099000_resized\099137.png 114 143 190 143 157 191 117 217 188 217 
\099000_resized\099138.png 114 143 190 143 151 184 117 219 186 217 
\099000_resized\099139.png 114 143 190 143 147 185 120 222 188 222 
\099000_resized\099140.png 114 143 190 143 143 194 118 220 188 220 
\099000_resized\099141.png 114 143 190 143 143 191 117 218 187 219 
\099000_resized\099142.png 114 143 190 143 148 190 122 225 181 225 
\099000_resized\099143.png 114 143 190 143 144 194 116 220 192 219 
\099000_resized\099144.png 114 143 190 143 134 201 120 218 193 222 
\099000_resized\099145.png 114 143 190 143 136 192 119 225 183 224 
\099000_resized\099146.png 114 143 190 143 148 197 120 226 184 223 
\099000_resized\099147.png 114 143 190 143 154 190 118 220 187 217 
\099000_resized\099148.png 114 143 190 143 135 184 117 221 188 223 
\099000_resized\099149.png 114 143 190 143 155 188 121 223 186 225 
\099000_resized\099150.png 114 143 190 143 143 170 116 213 192 215 
\099000_resized\099151.png 114 143 190 143 159 191 117 227 186 225 
\099000_resized\099152.png 114 143 190 143 143 180 117 226 183 227 
\099000_resized\099153.png 114 143 190 143 142 190 116 224 184 227 
\099000_resized\099154.png 114 143 190 143 164 189 116 220 190 218 
\099000_resized\099155.png 114 143 190 143 152 183 122 224 185 222 
\099000_resized\099156.png 114 143 190 143 146 189 119 222 185 222 
\099000_resized\099157.png 114 143 190 143 154 188 117 220 189 221 
\099000_resized\099158.png 114 143 190 143 135 194 117 222 186 223 
\099000_resized\099159.png 114 143 190 143 170 201 114 226 185 221 
\099000_resized\099160.png 114 143 190 143 154 183 119 218 184 221 
\099000_resized\099161.png 114 143 190 143 159 191 117 220 188 219 
\099000_resized\099162.png 114 143 190 143 155 187 117 220 185 219 
\099000_resized\099163.png 114 143 190 143 145 190 119 223 182 222 
\099000_resized\099164.png 114 143 190 143 145 193 116 218 192 218 
\099000_resized\099165.png 114 143 190 143 155 190 120 221 186 219 
\099000_resized\099166.png 114 143 190 143 160 186 117 220 191 218 
\099000_resized\099167.png 114 143 190 143 151 188 118 224 188 225 
\099000_resized\099168.png 114 143 190 143 155 186 119 224 186 219 
\099000_resized\099169.png 114 143 190 143 148 178 121 217 187 215 
\099000_resized\099170.png 114 143 190 143 149 180 122 226 179 225 
\099000_resized\099171.png 114 143 190 143 129 187 121 229 180 225 
\099000_resized\099172.png 114 143 190 143 171 195 112 221 186 218 
\099000_resized\099173.png 114 143 190 143 145 190 118 223 185 223 
\099000_resized\099174.png 114 143 190 143 145 189 120 224 183 224 
\099000_resized\099175.png 114 143 190 143 137 193 118 221 185 224 
\099000_resized\099176.png 114 143 190 143 137 190 118 218 188 219 
\099000_resized\099177.png 114 143 190 143 156 198 115 220 184 219 
\099000_resized\099178.png 114 143 190 143 146 184 125 224 181 224 
\099000_resized\099179.png 114 143 190 143 152 181 116 215 188 213 
\099000_resized\099180.png 114 143 190 143 150 193 117 216 187 217 
\099000_resized\099181.png 114 143 190 143 158 187 116 220 189 220 
\099000_resized\099182.png 114 143 190 143 155 188 119 226 184 227 
\099000_resized\099183.png 114 143 190 143 146 187 115 218 188 217 
\099000_resized\099184.png 114 143 190 143 159 191 120 224 183 222 
\099000_resized\099185.png 114 143 190 143 144 190 114 215 194 220 
\099000_resized\099186.png 114 143 190 143 172 184 123 220 185 223 
\099000_resized\099187.png 114 143 190 143 160 181 117 219 184 218 
\099000_resized\099188.png 114 143 190 143 149 191 116 215 185 219 
\099000_resized\099189.png 114 143 190 143 155 191 119 217 186 215 
\099000_resized\099190.png 114 143 190 143 158 190 116 213 185 212 
\099000_resized\099191.png 114 143 190 143 145 178 123 216 184 216 
\099000_resized\099192.png 114 143 190 143 162 188 115 217 192 218 
\099000_resized\099193.png 114 143 190 143 153 193 113 219 193 219 
\099000_resized\099194.png 114 143 190 143 154 185 120 227 188 227 
\099000_resized\099195.png 114 143 190 143 153 193 115 220 185 220 
\099000_resized\099196.png 114 143 190 143 156 184 123 224 184 224 
\099000_resized\099197.png 114 143 190 143 150 190 115 221 191 221 
\099000_resized\099198.png 114 143 190 143 144 190 123 226 183 224 
\099000_resized\099199.png 114 143 190 143 143 195 122 225 185 224 
\099000_resized\099200.png 114 143 190 143 156 192 115 219 190 216 
\099000_resized\099201.png 114 143 190 143 158 190 117 218 189 219 
\099000_resized\099202.png 114 143 190 143 148 186 116 217 189 219 
\099000_resized\099203.png 114 143 190 143 155 195 114 220 189 220 
\099000_resized\099204.png 114 143 190 143 149 193 117 216 188 216 
\099000_resized\099205.png 114 143 190 143 159 204 118 219 185 218 
\099000_resized\099206.png 114 143 190 143 152 189 114 219 192 220 
\099000_resized\099207.png 114 143 190 143 158 187 116 224 189 223 
\099000_resized\099208.png 114 143 190 143 157 178 125 218 183 219 
\099000_resized\099209.png 114 143 190 143 126 184 122 228 176 228 
\099000_resized\099210.png 114 143 190 143 160 198 111 221 189 221 
\099000_resized\099211.png 114 143 190 143 148 186 116 221 188 222 
\099000_resized\099212.png 114 143 190 143 157 184 120 213 186 213 
\099000_resized\099213.png 114 143 190 143 147 179 118 213 188 213 
\099000_resized\099214.png 114 143 190 143 144 193 119 220 190 221 
\099000_resized\099215.png 114 143 190 143 153 190 120 222 188 224 
\099000_resized\099216.png 114 143 190 143 152 189 117 222 193 224 
\099000_resized\099217.png 114 143 190 143 156 191 114 222 187 220 
\099000_resized\099218.png 114 143 190 143 159 197 120 228 183 227 
\099000_resized\099219.png 114 143 190 143 164 193 117 225 190 225 
\099000_resized\099220.png 114 143 190 143 171 193 118 221 188 217 
\099000_resized\099221.png 114 143 190 143 146 186 122 218 183 218 
\099000_resized\099222.png 114 143 190 143 147 193 118 222 187 222 
\099000_resized\099223.png 114 143 190 143 157 187 112 217 190 214 
\099000_resized\099224.png 114 143 190 143 162 190 126 227 184 227 
\099000_resized\099225.png 114 143 190 143 148 193 115 221 194 222 
\099000_resized\099226.png 114 143 190 143 149 188 115 218 189 221 
\099000_resized\099227.png 114 143 190 143 170 193 123 227 180 225 
\099000_resized\099228.png 114 143 190 143 143 192 116 221 193 220 
\099000_resized\099229.png 114 143 190 143 142 190 122 224 184 226 
\099000_resized\099230.png 114 143 190 143 153 192 112 218 193 220 
\099000_resized\099231.png 114 143 190 143 150 191 115 221 191 222 
\099000_resized\099232.png 114 143 190 143 158 191 121 223 184 223 
\099000_resized\099233.png 114 143 190 143 145 187 118 218 188 217 
\099000_resized\099234.png 114 143 190 143 148 188 114 216 189 217 
\099000_resized\099235.png 114 143 190 143 135 189 122 226 180 225 
\099000_resized\099236.png 114 143 190 143 157 184 120 223 186 222 
\099000_resized\099237.png 114 143 190 143 154 193 112 218 191 217 
\099000_resized\099238.png 114 143 190 143 162 190 116 219 190 217 
\099000_resized\099239.png 114 143 190 143 149 194 119 222 187 221 
\099000_resized\099240.png 114 143 190 143 134 184 118 225 180 223 
\099000_resized\099241.png 114 143 190 143 157 187 120 222 189 226 
\099000_resized\099242.png 114 143 190 143 155 186 116 219 189 218 
\099000_resized\099243.png 114 143 190 143 158 189 117 220 190 220 
\099000_resized\099244.png 114 143 190 143 149 198 117 221 189 221 
\099000_resized\099245.png 114 143 190 143 154 190 116 218 192 217 
\099000_resized\099246.png 114 143 190 143 147 187 117 219 188 219 
\099000_resized\099247.png 114 143 190 143 152 195 118 215 186 215 
\099000_resized\099248.png 114 143 190 143 182 184 124 227 189 226 
\099000_resized\099249.png 114 143 190 143 147 191 120 227 184 227 
\099000_resized\099250.png 114 143 190 143 161 182 121 220 187 223 
\099000_resized\099251.png 114 143 190 143 156 191 120 217 187 217 
\099000_resized\099252.png 114 143 190 143 148 193 112 218 193 217 
\099000_resized\099253.png 114 143 190 143 159 186 117 221 188 221 
\099000_resized\099254.png 114 143 190 143 163 190 122 227 182 227 
\099000_resized\099255.png 114 143 190 143 142 181 117 215 187 215 
\099000_resized\099256.png 114 143 190 143 153 185 120 223 187 222 
\099000_resized\099257.png 114 143 190 143 153 191 120 225 186 225 
\099000_resized\099258.png 114 143 190 143 138 186 120 224 181 224 
\099000_resized\099259.png 114 143 190 143 151 194 119 219 189 219 
\099000_resized\099260.png 114 143 190 143 174 192 123 228 182 226 
\099000_resized\099261.png 114 143 190 143 150 194 113 219 191 219 
\099000_resized\099262.png 114 143 190 143 171 184 129 226 178 226 
\099000_resized\099263.png 114 143 190 143 136 188 123 228 179 228 
\099000_resized\099264.png 114 143 190 143 150 179 113 220 191 220 
\099000_resized\099265.png 114 143 190 143 158 198 113 219 189 217 
\099000_resized\099266.png 114 143 190 143 154 185 118 220 189 219 
\099000_resized\099267.png 114 143 190 143 155 192 122 226 183 223 
\099000_resized\099268.png 114 143 190 143 138 191 124 227 183 228 
\099000_resized\099269.png 114 143 190 143 156 183 116 223 193 222 
\099000_resized\099270.png 114 143 190 143 153 193 112 222 193 221 
\099000_resized\099271.png 114 143 190 143 153 188 117 218 186 218 
\099000_resized\099272.png 114 143 190 143 139 182 121 229 181 228 
\099000_resized\099273.png 114 143 190 143 153 188 116 219 189 219 
\099000_resized\099274.png 114 143 190 143 149 182 114 219 191 219 
\099000_resized\099275.png 114 143 190 143 149 180 121 227 181 226 
\099000_resized\099276.png 114 143 190 143 147 186 116 224 187 224 
\099000_resized\099277.png 114 143 190 143 177 195 123 228 184 226 
\099000_resized\099278.png 114 143 190 143 143 194 115 218 191 218 
\099000_resized\099279.png 114 143 190 143 158 189 115 220 189 220 
\099000_resized\099280.png 114 143 190 143 154 187 115 219 192 221 
\099000_resized\099281.png 114 143 190 143 152 182 125 217 182 222 
\099000_resized\099282.png 114 143 190 143 148 189 119 224 191 224 
\099000_resized\099283.png 114 143 190 143 153 190 114 214 189 217 
\099000_resized\099284.png 114 143 190 143 157 185 121 219 188 219 
\099000_resized\099285.png 114 143 190 143 152 187 118 220 188 219 
\099000_resized\099286.png 114 143 190 143 153 188 116 216 190 217 
\099000_resized\099287.png 114 143 190 143 147 189 117 219 192 220 
\099000_resized\099288.png 114 143 190 143 148 190 113 220 191 220 
\099000_resized\099289.png 114 143 190 143 157 190 121 220 189 220 
\099000_resized\099290.png 114 143 190 143 162 189 125 226 182 226 
\099000_resized\099291.png 114 143 190 143 150 188 116 221 189 221 
\099000_resized\099292.png 114 143 190 143 130 188 122 226 186 229 
\099000_resized\099293.png 114 143 190 143 154 193 121 222 185 222 
\099000_resized\099294.png 114 143 190 143 156 194 116 224 191 223 
\099000_resized\099295.png 114 143 190 143 169 183 120 224 189 224 
\099000_resized\099296.png 114 143 190 143 138 187 114 221 191 221 
\099000_resized\099297.png 114 143 190 143 145 183 119 224 188 222 
\099000_resized\099298.png 114 143 190 143 144 184 114 217 193 220 
\099000_resized\099299.png 114 143 190 143 137 191 120 221 190 224 
\099000_resized\099300.png 114 143 190 143 162 193 121 227 180 224 
\099000_resized\099301.png 114 143 190 143 157 185 124 221 179 222 
\099000_resized\099302.png 114 143 190 143 148 194 122 219 185 218 
\099000_resized\099303.png 114 143 190 143 137 185 118 222 189 221 
\099000_resized\099304.png 114 143 190 143 146 187 114 221 191 220 
\099000_resized\099305.png 114 143 190 143 139 184 117 222 192 221 
\099000_resized\099306.png 114 143 190 143 166 192 120 220 188 217 
\099000_resized\099307.png 114 143 190 143 157 194 111 221 189 219 
\099000_resized\099308.png 114 143 190 143 143 171 113 217 184 217 
\099000_resized\099309.png 114 143 190 143 140 193 121 225 183 225 
\099000_resized\099310.png 114 143 190 143 168 189 116 223 188 224 
\099000_resized\099311.png 114 143 190 143 157 195 119 217 183 217 
\099000_resized\099312.png 114 143 190 143 157 178 125 220 180 217 
\099000_resized\099313.png 114 143 190 143 143 192 120 225 185 224 
\099000_resized\099314.png 114 143 190 143 153 187 107 213 189 214 
\099000_resized\099315.png 114 143 190 143 151 190 116 215 191 218 
\099000_resized\099316.png 114 143 190 143 159 193 115 217 190 216 
\099000_resized\099317.png 114 143 190 143 145 185 124 219 180 221 
\099000_resized\099318.png 114 143 190 143 153 191 113 218 189 217 
\099000_resized\099319.png 114 143 190 143 158 196 119 225 184 224 
\099000_resized\099320.png 114 143 190 143 173 190 129 227 184 227 
\099000_resized\099321.png 114 143 190 143 160 186 118 214 187 213 
\099000_resized\099322.png 114 143 190 143 157 194 115 219 190 220 
\099000_resized\099323.png 114 143 190 143 144 184 116 216 187 218 
\099000_resized\099324.png 114 143 190 143 152 191 120 225 185 226 
\099000_resized\099325.png 114 143 190 143 149 195 123 225 179 225 
\099000_resized\099326.png 114 143 190 143 145 191 115 221 190 221 
\099000_resized\099327.png 114 143 190 143 156 186 120 221 186 222 
\099000_resized\099328.png 114 143 190 143 136 187 126 228 176 225 
\099000_resized\099329.png 114 143 190 143 152 186 118 222 192 222 
\099000_resized\099330.png 114 143 190 143 148 194 113 224 191 226 
\099000_resized\099331.png 114 143 190 143 160 191 117 224 189 225 
\099000_resized\099332.png 114 143 190 143 152 188 118 217 186 219 
\099000_resized\099333.png 114 143 190 143 154 187 116 208 188 210 
\099000_resized\099334.png 114 143 190 143 161 196 116 222 184 222 
\099000_resized\099335.png 114 143 190 143 162 188 118 221 185 222 
\099000_resized\099336.png 114 143 190 143 146 196 117 219 188 221 
\099000_resized\099337.png 114 143 190 143 133 198 118 224 192 226 
\099000_resized\099338.png 114 143 190 143 151 196 113 220 192 221 
\099000_resized\099339.png 114 143 190 143 149 185 120 226 185 225 
\099000_resized\099340.png 114 143 190 143 146 192 114 221 189 221 
\099000_resized\099341.png 114 143 190 143 149 186 121 224 185 224 
\099000_resized\099342.png 114 143 190 143 143 194 113 223 190 223 
\099000_resized\099343.png 114 143 190 143 150 199 118 219 189 220 
\099000_resized\099344.png 114 143 190 143 148 190 120 222 185 224 
\099000_resized\099345.png 114 143 190 143 156 185 117 220 193 216 
\099000_resized\099346.png 114 143 190 143 146 193 118 219 190 219 
\099000_resized\099347.png 114 143 190 143 153 188 115 217 194 217 
\099000_resized\099348.png 114 143 190 143 156 190 123 227 183 226 
\099000_resized\099349.png 114 143 190 143 152 183 112 216 190 217 
\099000_resized\099350.png 114 143 190 143 156 194 117 224 190 223 
\099000_resized\099351.png 114 143 190 143 137 193 121 229 180 229 
\099000_resized\099352.png 114 143 190 143 137 196 114 220 191 223 
\099000_resized\099353.png 114 143 190 143 160 183 120 218 181 217 
\099000_resized\099354.png 114 143 190 143 150 191 119 226 184 226 
\099000_resized\099355.png 114 143 190 143 154 184 121 229 186 228 
\099000_resized\099356.png 114 143 190 143 136 188 121 229 179 229 
\099000_resized\099357.png 114 143 190 143 170 195 119 219 186 217 
\099000_resized\099358.png 114 143 190 143 150 185 117 221 185 222 
\099000_resized\099359.png 114 143 190 143 159 187 115 217 190 218 
\099000_resized\099360.png 114 143 190 143 161 186 112 217 193 216 
\099000_resized\099361.png 114 143 190 143 166 191 115 224 187 220 
\099000_resized\099362.png 114 143 190 143 170 190 120 227 186 226 
\099000_resized\099363.png 114 143 190 143 149 191 114 220 188 221 
\099000_resized\099364.png 114 143 190 143 162 193 110 221 193 220 
\099000_resized\099365.png 114 143 190 143 173 197 122 230 184 228 
\099000_resized\099366.png 114 143 190 143 163 189 128 226 180 226 
\099000_resized\099367.png 114 143 190 143 145 188 113 222 190 223 
\099000_resized\099368.png 114 143 190 143 152 186 121 216 184 216 
\099000_resized\099369.png 114 143 190 143 153 190 119 219 183 218 
\099000_resized\099370.png 114 143 190 143 145 193 118 218 190 219 
\099000_resized\099371.png 114 143 190 143 154 190 119 219 186 219 
\099000_resized\099372.png 114 143 190 143 146 185 120 219 183 218 
\099000_resized\099373.png 114 143 190 143 153 191 119 227 186 227 
\099000_resized\099374.png 114 143 190 143 156 189 109 217 189 217 
\099000_resized\099375.png 114 143 190 143 145 185 117 221 190 220 
\099000_resized\099376.png 114 143 190 143 175 190 123 230 187 228 
\099000_resized\099377.png 114 143 190 143 174 189 117 227 188 227 
\099000_resized\099378.png 114 143 190 143 152 191 115 218 189 219 
\099000_resized\099379.png 114 143 190 143 166 186 120 225 185 225 
\099000_resized\099380.png 114 143 190 143 159 193 115 218 184 219 
\099000_resized\099381.png 114 143 190 143 140 180 118 227 176 226 
\099000_resized\099382.png 114 143 190 143 166 191 111 220 193 219 
\099000_resized\099383.png 114 143 190 143 146 189 115 223 183 221 
\099000_resized\099384.png 114 143 190 143 159 188 122 227 182 225 
\099000_resized\099385.png 114 143 190 143 152 193 120 221 189 221 
\099000_resized\099386.png 114 143 190 143 139 191 117 217 191 220 
\099000_resized\099387.png 114 143 190 143 155 179 123 226 183 225 
\099000_resized\099388.png 114 143 190 143 142 197 120 224 183 222 
\099000_resized\099389.png 114 143 190 143 156 198 114 213 191 213 
\099000_resized\099390.png 114 143 190 143 156 195 118 221 190 224 
\099000_resized\099391.png 114 143 190 143 149 192 117 215 192 214 
\099000_resized\099392.png 114 143 190 143 151 192 120 222 187 222 
\099000_resized\099393.png 114 143 190 143 151 193 121 227 180 226 
\099000_resized\099394.png 114 143 190 143 144 191 120 218 181 222 
\099000_resized\099395.png 114 143 190 143 149 187 121 225 182 225 
\099000_resized\099396.png 114 143 190 143 153 181 123 216 188 218 
\099000_resized\099397.png 114 143 190 143 166 189 120 224 186 226 
\099000_resized\099398.png 114 143 190 143 148 192 115 218 189 218 
\099000_resized\099399.png 114 143 190 143 154 185 116 228 183 225 
\099000_resized\099400.png 114 143 190 143 153 195 121 223 185 223 
\099000_resized\099401.png 114 143 190 143 166 194 114 220 186 220 
\099000_resized\099402.png 114 143 190 143 157 186 119 224 189 224 
\099000_resized\099403.png 114 143 190 143 153 183 127 214 179 214 
\099000_resized\099404.png 114 143 190 143 152 189 113 218 193 218 
\099000_resized\099405.png 114 143 190 143 153 185 116 222 188 221 
\099000_resized\099406.png 114 143 190 143 155 197 124 227 183 226 
\099000_resized\099407.png 114 143 190 143 150 191 118 220 190 219 
\099000_resized\099408.png 114 143 190 143 165 191 125 226 181 228 
\099000_resized\099409.png 114 143 190 143 155 187 112 213 191 212 
\099000_resized\099410.png 114 143 190 143 160 193 112 215 190 213 
\099000_resized\099411.png 114 143 190 143 143 188 120 224 190 223 
\099000_resized\099412.png 114 143 190 143 167 197 115 220 189 219 
\099000_resized\099413.png 114 143 190 143 150 194 120 223 185 223 
\099000_resized\099414.png 114 143 190 143 144 192 119 222 188 221 
\099000_resized\099415.png 114 143 190 143 147 190 117 218 189 218 
\099000_resized\099416.png 114 143 190 143 157 181 115 219 190 219 
\099000_resized\099417.png 114 143 190 143 152 188 115 219 189 219 
\099000_resized\099418.png 114 143 190 143 155 194 115 222 190 221 
\099000_resized\099419.png 114 143 190 143 170 183 133 226 183 227 
\099000_resized\099420.png 114 143 190 143 149 175 115 220 188 220 
\099000_resized\099421.png 114 143 190 143 139 192 120 217 189 220 
\099000_resized\099422.png 114 143 190 143 158 197 119 220 183 218 
\099000_resized\099423.png 114 143 190 143 155 189 119 219 186 220 
\099000_resized\099424.png 114 143 190 143 146 184 118 219 186 220 
\099000_resized\099425.png 114 143 190 143 168 188 122 224 186 223 
\099000_resized\099426.png 114 143 190 143 164 184 121 226 186 225 
\099000_resized\099427.png 114 143 190 143 146 193 116 215 190 217 
\099000_resized\099428.png 114 143 190 143 152 193 116 219 188 219 
\099000_resized\099429.png 114 143 190 143 151 192 126 223 181 225 
\099000_resized\099430.png 114 143 190 143 147 185 119 226 188 226 
\099000_resized\099431.png 114 143 190 143 165 189 119 218 184 216 
\099000_resized\099432.png 114 143 190 143 144 194 120 218 189 220 
\099000_resized\099433.png 114 143 190 143 160 206 123 229 178 228 
\099000_resized\099434.png 114 143 190 143 147 195 122 220 181 220 
\099000_resized\099435.png 114 143 190 143 153 188 119 229 183 227 
\099000_resized\099436.png 114 143 190 143 162 186 117 215 188 211 
\099000_resized\099437.png 114 143 190 143 171 181 126 228 188 228 
\099000_resized\099438.png 114 143 190 143 157 191 116 220 191 222 
\099000_resized\099439.png 114 143 190 143 137 187 118 228 184 228 
\099000_resized\099440.png 114 143 190 143 161 184 125 230 181 226 
\099000_resized\099441.png 114 143 190 143 144 187 114 218 190 218 
\099000_resized\099442.png 114 143 190 143 146 195 119 221 188 220 
\099000_resized\099443.png 114 143 190 143 168 192 122 227 185 225 
\099000_resized\099444.png 114 143 190 143 145 185 118 220 187 221 
\099000_resized\099445.png 114 143 190 143 157 197 119 226 187 227 
\099000_resized\099446.png 114 143 190 143 121 185 114 228 187 227 
\099000_resized\099447.png 114 143 190 143 160 185 124 227 186 227 
\099000_resized\099448.png 114 143 190 143 155 190 117 219 190 215 
\099000_resized\099449.png 114 143 190 143 145 198 120 228 185 228 
\099000_resized\099450.png 114 143 190 143 154 181 116 226 188 225 
\099000_resized\099451.png 114 143 190 143 152 177 119 220 189 219 
\099000_resized\099452.png 114 143 190 143 173 191 115 226 184 221 
\099000_resized\099453.png 114 143 190 143 152 182 116 214 191 214 
\099000_resized\099454.png 114 143 190 143 151 186 116 221 190 221 
\099000_resized\099455.png 114 143 190 143 150 186 118 224 185 224 
\099000_resized\099456.png 114 143 190 143 153 191 118 224 187 222 
\099000_resized\099457.png 114 143 190 143 152 183 116 214 189 215 
\099000_resized\099458.png 114 143 190 143 154 199 117 219 187 219 
\099000_resized\099459.png 114 143 190 143 157 191 115 220 188 221 
\099000_resized\099460.png 114 143 190 143 152 190 119 221 187 223 
\099000_resized\099461.png 114 143 190 143 145 184 115 220 189 220 
\099000_resized\099462.png 114 143 190 143 158 187 119 219 186 220 
\099000_resized\099463.png 114 143 190 143 157 196 113 217 190 218 
\099000_resized\099464.png 114 143 190 143 157 184 115 219 189 221 
\099000_resized\099465.png 114 143 190 143 123 177 128 226 170 227 
\099000_resized\099466.png 114 143 190 143 153 183 123 227 182 226 
\099000_resized\099467.png 114 143 190 143 160 187 119 222 187 223 
\099000_resized\099468.png 114 143 190 143 143 195 119 215 190 216 
\099000_resized\099469.png 114 143 190 143 160 184 113 219 194 219 
\099000_resized\099470.png 114 143 190 143 173 194 111 222 190 220 
\099000_resized\099471.png 114 143 190 143 162 193 121 226 184 223 
\099000_resized\099472.png 114 143 190 143 153 189 117 219 193 220 
\099000_resized\099473.png 114 143 190 143 144 190 117 223 182 225 
\099000_resized\099474.png 114 143 190 143 148 189 120 218 184 218 
\099000_resized\099475.png 114 143 190 143 147 194 124 218 180 220 
\099000_resized\099476.png 114 143 190 143 149 194 117 219 191 219 
\099000_resized\099477.png 114 143 190 143 169 190 123 224 183 221 
\099000_resized\099478.png 114 143 190 143 150 194 118 221 189 221 
\099000_resized\099479.png 114 143 190 143 153 186 119 224 184 223 
\099000_resized\099480.png 114 143 190 143 162 191 117 223 189 222 
\099000_resized\099481.png 114 143 190 143 166 192 114 220 184 217 
\099000_resized\099482.png 114 143 190 143 154 189 122 221 185 220 
\099000_resized\099483.png 114 143 190 143 142 191 121 220 190 221 
\099000_resized\099484.png 114 143 190 143 148 195 114 221 189 220 
\099000_resized\099485.png 114 143 190 143 143 191 120 215 188 215 
\099000_resized\099486.png 114 143 190 143 160 190 113 218 191 217 
\099000_resized\099487.png 114 143 190 143 146 189 120 219 189 219 
\099000_resized\099488.png 114 143 190 143 170 178 127 228 184 228 
\099000_resized\099489.png 114 143 190 143 142 192 121 224 190 224 
\099000_resized\099490.png 114 143 190 143 153 190 128 227 177 223 
\099000_resized\099491.png 114 143 190 143 152 181 124 219 185 219 
\099000_resized\099492.png 114 143 190 143 155 183 116 218 186 216 
\099000_resized\099493.png 114 143 190 143 142 196 122 220 185 223 
\099000_resized\099494.png 114 143 190 143 144 188 118 220 189 220 
\099000_resized\099495.png 114 143 190 143 148 180 126 213 182 215 
\099000_resized\099496.png 114 143 190 143 176 186 126 228 186 229 
\099000_resized\099497.png 114 143 190 143 156 185 116 223 191 223 
\099000_resized\099498.png 114 143 190 143 155 193 118 218 188 219 
\099000_resized\099499.png 114 143 190 143 157 185 119 224 185 222 
\099000_resized\099500.png 114 143 190 143 132 183 121 229 177 225 
\099000_resized\099501.png 114 143 190 143 161 193 118 219 189 217 
\099000_resized\099502.png 114 143 190 143 156 191 114 222 189 221 
\099000_resized\099503.png 114 143 190 143 159 189 115 219 191 221 
\099000_resized\099504.png 114 143 190 143 156 189 116 222 193 222 
\099000_resized\099505.png 114 143 190 143 148 175 119 226 183 227 
\099000_resized\099506.png 114 143 190 143 145 184 118 229 183 228 
\099000_resized\099507.png 114 143 190 143 148 175 126 221 178 221 
\099000_resized\099508.png 114 143 190 143 153 186 118 223 189 219 
\099000_resized\099509.png 114 143 190 143 154 193 117 216 192 214 
\099000_resized\099510.png 114 143 190 143 159 184 119 226 186 225 
\099000_resized\099511.png 114 143 190 143 157 188 114 216 189 214 
\099000_resized\099512.png 114 143 190 143 167 201 121 228 182 227 
\099000_resized\099513.png 114 143 190 143 152 188 117 218 191 218 
\099000_resized\099514.png 114 143 190 143 149 186 115 217 190 216 
\099000_resized\099515.png 114 143 190 143 136 193 116 223 190 227 
\099000_resized\099516.png 114 143 190 143 149 180 119 214 188 214 
\099000_resized\099517.png 114 143 190 143 153 187 114 220 191 220 
\099000_resized\099518.png 114 143 190 143 143 198 117 212 191 215 
\099000_resized\099519.png 114 143 190 143 143 191 114 219 191 220 
\099000_resized\099520.png 114 143 190 143 165 192 120 222 185 222 
\099000_resized\099521.png 114 143 190 143 155 186 113 218 191 218 
\099000_resized\099522.png 114 143 190 143 148 188 121 224 182 224 
\099000_resized\099523.png 114 143 190 143 162 195 113 219 189 216 
\099000_resized\099524.png 114 143 190 143 144 188 116 217 190 218 
\099000_resized\099525.png 114 143 190 143 142 193 116 226 188 225 
\099000_resized\099526.png 114 143 190 143 161 190 120 221 187 222 
\099000_resized\099527.png 114 143 190 143 156 188 118 220 185 220 
\099000_resized\099528.png 114 143 190 143 166 176 118 218 188 220 
\099000_resized\099529.png 114 143 190 143 153 192 121 227 185 227 
\099000_resized\099530.png 114 143 190 143 160 187 109 214 193 214 
\099000_resized\099531.png 114 143 190 143 150 189 113 215 192 216 
\099000_resized\099532.png 114 143 190 143 129 193 115 226 193 229 
\099000_resized\099533.png 114 143 190 143 123 192 112 227 186 228 
\099000_resized\099534.png 114 143 190 143 164 186 120 218 186 219 
\099000_resized\099535.png 114 143 190 143 149 188 114 216 191 218 
\099000_resized\099536.png 114 143 190 143 156 187 115 219 195 220 
\099000_resized\099537.png 114 143 190 143 153 185 111 224 193 222 
\099000_resized\099538.png 114 143 190 143 136 191 116 225 186 228 
\099000_resized\099539.png 114 143 190 143 148 185 116 218 190 219 
\099000_resized\099540.png 114 143 190 143 174 182 117 222 191 219 
\099000_resized\099541.png 114 143 190 143 142 185 116 222 187 224 
\099000_resized\099542.png 114 143 190 143 157 177 118 225 193 224 
\099000_resized\099543.png 114 143 190 143 170 184 122 227 185 228 
\099000_resized\099544.png 114 143 190 143 153 193 120 226 187 225 
\099000_resized\099545.png 114 143 190 143 154 184 120 221 187 220 
\099000_resized\099546.png 114 143 190 143 153 189 112 217 191 218 
\099000_resized\099547.png 114 143 190 143 150 177 119 226 183 222 
\099000_resized\099548.png 114 143 190 143 144 185 117 217 190 216 
\099000_resized\099549.png 114 143 190 143 145 179 112 217 193 218 
\099000_resized\099550.png 114 143 190 143 138 186 119 224 182 225 
\099000_resized\099551.png 114 143 190 143 152 185 115 216 192 215 
\099000_resized\099552.png 114 143 190 143 149 194 114 218 188 219 
\099000_resized\099553.png 114 143 190 143 150 189 116 219 190 219 
\099000_resized\099554.png 114 143 190 143 143 192 118 220 187 220 
\099000_resized\099555.png 114 143 190 143 147 192 114 215 194 214 
\099000_resized\099556.png 114 143 190 143 164 198 111 221 191 220 
\099000_resized\099557.png 114 143 190 143 143 190 115 219 191 221 
\099000_resized\099558.png 114 143 190 143 157 191 119 222 187 221 
\099000_resized\099559.png 114 143 190 143 144 185 118 225 185 226 
\099000_resized\099560.png 114 143 190 143 170 190 113 222 189 217 
\099000_resized\099561.png 114 143 190 143 165 191 116 222 192 221 
\099000_resized\099562.png 114 143 190 143 143 180 117 223 185 225 
\099000_resized\099563.png 114 143 190 143 166 191 121 224 183 224 
\099000_resized\099564.png 114 143 190 143 149 182 115 218 191 219 
\099000_resized\099565.png 114 143 190 143 154 184 113 220 190 219 
\099000_resized\099566.png 114 143 190 143 152 198 115 217 192 217 
\099000_resized\099567.png 114 143 190 143 166 178 121 222 189 223 
\099000_resized\099568.png 114 143 190 143 147 192 113 221 195 221 
\099000_resized\099569.png 114 143 190 143 143 193 117 223 188 222 
\099000_resized\099570.png 114 143 190 143 152 189 110 217 190 220 
\099000_resized\099571.png 114 143 190 143 144 188 118 225 188 223 
\099000_resized\099572.png 114 143 190 143 153 190 116 219 190 218 
\099000_resized\099573.png 114 143 190 143 145 193 113 221 193 221 
\099000_resized\099574.png 114 143 190 143 148 183 118 222 188 224 
\099000_resized\099575.png 114 143 190 143 154 189 113 218 191 217 
\099000_resized\099576.png 114 143 190 143 134 186 120 227 185 227 
\099000_resized\099577.png 114 143 190 143 148 187 122 225 182 226 
\099000_resized\099578.png 114 143 190 143 156 185 119 225 185 224 
\099000_resized\099579.png 114 143 190 143 153 195 119 223 185 220 
\099000_resized\099580.png 114 143 190 143 158 197 118 220 188 218 
\099000_resized\099581.png 114 143 190 143 137 192 124 223 180 226 
\099000_resized\099582.png 114 143 190 143 152 194 118 223 184 224 
\099000_resized\099583.png 114 143 190 143 159 183 118 221 189 221 
\099000_resized\099584.png 114 143 190 143 146 191 113 225 193 226 
\099000_resized\099585.png 114 143 190 143 157 175 123 216 175 214 
\099000_resized\099586.png 114 143 190 143 147 180 116 217 191 218 
\099000_resized\099587.png 114 143 190 143 150 195 117 213 190 213 
\099000_resized\099588.png 114 143 190 143 156 190 117 222 187 222 
\099000_resized\099589.png 114 143 190 143 153 189 118 224 187 221 
\099000_resized\099590.png 114 143 190 143 153 194 114 217 194 216 
\099000_resized\099591.png 114 143 190 143 158 190 111 218 192 217 
\099000_resized\099592.png 114 143 190 143 132 183 112 226 184 226 
\099000_resized\099593.png 114 143 190 143 161 194 117 223 189 222 
\099000_resized\099594.png 114 143 190 143 158 183 113 219 191 219 
\099000_resized\099595.png 114 143 190 143 150 187 118 221 187 223 
\099000_resized\099596.png 114 143 190 143 147 183 117 215 191 217 
\099000_resized\099597.png 114 143 190 143 154 183 116 217 190 217 
\099000_resized\099598.png 114 143 190 143 160 181 123 217 189 215 
\099000_resized\099599.png 114 143 190 143 158 183 125 227 184 227 
\099000_resized\099600.png 114 143 190 143 158 185 117 217 191 215 
\099000_resized\099601.png 114 143 190 143 145 185 117 220 191 221 
\099000_resized\099602.png 114 143 190 143 158 191 113 218 190 218 
\099000_resized\099603.png 114 143 190 143 146 194 119 220 187 220 
\099000_resized\099604.png 114 143 190 143 161 188 116 217 188 215 
\099000_resized\099605.png 114 143 190 143 139 187 118 225 186 225 
\099000_resized\099606.png 114 143 190 143 156 189 117 220 190 220 
\099000_resized\099607.png 114 143 190 143 148 191 120 225 186 223 
\099000_resized\099608.png 114 143 190 143 141 196 119 224 190 225 
\099000_resized\099609.png 114 143 190 143 173 187 116 223 189 221 
\099000_resized\099610.png 114 143 190 143 151 178 115 213 189 212 
\099000_resized\099611.png 114 143 190 143 148 185 119 223 185 223 
\099000_resized\099612.png 114 143 190 143 151 189 119 220 186 221 
\099000_resized\099613.png 114 143 190 143 165 188 114 221 186 219 
\099000_resized\099614.png 114 143 190 143 168 193 117 222 187 220 
\099000_resized\099615.png 114 143 190 143 164 193 115 221 187 218 
\099000_resized\099616.png 114 143 190 143 151 171 131 220 172 219 
\099000_resized\099617.png 114 143 190 143 150 186 118 221 187 219 
\099000_resized\099618.png 114 143 190 143 143 187 118 220 189 219 
\099000_resized\099619.png 114 143 190 143 151 174 123 214 182 214 
\099000_resized\099620.png 114 143 190 143 150 181 110 218 191 218 
\099000_resized\099621.png 114 143 190 143 155 190 113 218 194 216 
\099000_resized\099622.png 114 143 190 143 149 195 113 217 188 217 
\099000_resized\099623.png 114 143 190 143 145 172 121 216 182 216 
\099000_resized\099624.png 114 143 190 143 142 191 120 229 183 226 
\099000_resized\099625.png 114 143 190 143 174 192 112 225 191 223 
\099000_resized\099626.png 114 143 190 143 150 183 115 220 190 218 
\099000_resized\099627.png 114 143 190 143 156 186 119 226 188 226 
\099000_resized\099628.png 114 143 190 143 152 178 115 212 191 215 
\099000_resized\099629.png 114 143 190 143 162 182 121 219 185 220 
\099000_resized\099630.png 114 143 190 143 160 194 112 215 190 213 
\099000_resized\099631.png 114 143 190 143 150 182 124 225 181 224 
\099000_resized\099632.png 114 143 190 143 151 185 114 217 194 216 
\099000_resized\099633.png 114 143 190 143 149 189 121 228 179 229 
\099000_resized\099634.png 114 143 190 143 159 182 115 216 190 217 
\099000_resized\099635.png 114 143 190 143 156 198 116 220 190 219 
\099000_resized\099636.png 114 143 190 143 153 186 116 218 190 216 
\099000_resized\099637.png 114 143 190 143 150 182 113 217 191 216 
\099000_resized\099638.png 114 143 190 143 150 188 112 221 190 221 
\099000_resized\099639.png 114 143 190 143 147 178 115 215 189 215 
\099000_resized\099640.png 114 143 190 143 127 195 118 225 189 227 
\099000_resized\099641.png 114 143 190 143 144 190 114 214 190 216 
\099000_resized\099642.png 114 143 190 143 147 200 114 214 189 221 
\099000_resized\099643.png 114 143 190 143 158 189 117 220 190 220 
\099000_resized\099644.png 114 143 190 143 149 187 118 228 185 225 
\099000_resized\099645.png 114 143 190 143 151 185 115 218 192 218 
\099000_resized\099646.png 114 143 190 143 153 189 114 218 188 219 
\099000_resized\099647.png 114 143 190 143 151 181 121 226 184 226 
\099000_resized\099648.png 114 143 190 143 150 189 119 226 187 224 
\099000_resized\099649.png 114 143 190 143 167 184 117 225 189 225 
\099000_resized\099650.png 114 143 190 143 170 191 113 220 187 218 
\099000_resized\099651.png 114 143 190 143 150 186 113 219 192 219 
\099000_resized\099652.png 114 143 190 143 164 187 117 219 185 218 
\099000_resized\099653.png 114 143 190 143 168 189 120 226 184 227 
\099000_resized\099654.png 114 143 190 143 168 185 116 221 188 220 
\099000_resized\099655.png 114 143 190 143 128 190 113 227 189 227 
\099000_resized\099656.png 114 143 190 143 176 175 123 225 187 227 
\099000_resized\099657.png 114 143 190 143 160 199 111 218 191 217 
\099000_resized\099658.png 114 143 190 143 162 202 113 217 190 212 
\099000_resized\099659.png 114 143 190 143 142 197 117 223 185 223 
\099000_resized\099660.png 114 143 190 143 151 192 113 215 191 215 
\099000_resized\099661.png 114 143 190 143 172 189 124 227 185 228 
\099000_resized\099662.png 114 143 190 143 152 186 119 219 191 217 
\099000_resized\099663.png 114 143 190 143 125 191 119 226 187 230 
\099000_resized\099664.png 114 143 190 143 153 176 124 219 183 221 
\099000_resized\099665.png 114 143 190 143 152 190 119 223 188 223 
\099000_resized\099666.png 114 143 190 143 141 180 123 228 178 227 
\099000_resized\099667.png 114 143 190 143 150 181 114 219 191 219 
\099000_resized\099668.png 114 143 190 143 162 196 115 221 187 219 
\099000_resized\099669.png 114 143 190 143 144 175 120 221 182 221 
\099000_resized\099670.png 114 143 190 143 148 176 114 217 191 217 
\099000_resized\099671.png 114 143 190 143 155 176 123 216 183 217 
\099000_resized\099672.png 114 143 190 143 153 190 120 227 184 227 
\099000_resized\099673.png 114 143 190 143 145 182 122 222 187 220 
\099000_resized\099674.png 114 143 190 143 158 191 118 222 189 221 
\099000_resized\099675.png 114 143 190 143 154 189 112 219 191 219 
\099000_resized\099676.png 114 143 190 143 149 182 116 221 187 221 
\099000_resized\099677.png 114 143 190 143 166 180 128 226 179 223 
\099000_resized\099678.png 114 143 190 143 135 186 114 216 193 219 
\099000_resized\099679.png 114 143 190 143 148 187 123 227 182 225 
\099000_resized\099680.png 114 143 190 143 153 185 118 216 186 215 
\099000_resized\099681.png 114 143 190 143 162 190 115 218 193 214 
\099000_resized\099682.png 114 143 190 143 144 185 113 220 192 222 
\099000_resized\099683.png 114 143 190 143 160 197 110 221 191 217 
\099000_resized\099684.png 114 143 190 143 175 193 115 222 187 218 
\099000_resized\099685.png 114 143 190 143 156 187 122 222 187 221 
\099000_resized\099686.png 114 143 190 143 151 185 115 226 190 226 
\099000_resized\099687.png 114 143 190 143 153 194 121 219 182 217 
\099000_resized\099688.png 114 143 190 143 136 192 118 224 187 224 
\099000_resized\099689.png 114 143 190 143 147 191 119 228 187 227 
\099000_resized\099690.png 114 143 190 143 143 190 121 225 184 225 
\099000_resized\099691.png 114 143 190 143 152 177 117 224 186 226 
\099000_resized\099692.png 114 143 190 143 152 181 114 218 190 219 
\099000_resized\099693.png 114 143 190 143 160 193 113 216 192 213 
\099000_resized\099694.png 114 143 190 143 166 188 121 228 188 224 
\099000_resized\099695.png 114 143 190 143 147 183 111 219 192 218 
\099000_resized\099696.png 114 143 190 143 149 193 115 215 190 217 
\099000_resized\099697.png 114 143 190 143 156 185 115 224 189 222 
\099000_resized\099698.png 114 143 190 143 159 196 118 224 187 224 
\099000_resized\099699.png 114 143 190 143 150 179 117 218 188 220 
\099000_resized\099700.png 114 143 190 143 160 187 120 219 188 220 
\099000_resized\099701.png 114 143 190 143 162 179 113 216 195 215 
\099000_resized\099702.png 114 143 190 143 151 186 116 218 190 217 
\099000_resized\099703.png 114 143 190 143 149 189 114 215 190 217 
\099000_resized\099704.png 114 143 190 143 154 188 117 223 189 225 
\099000_resized\099705.png 114 143 190 143 157 196 110 218 191 216 
\099000_resized\099706.png 114 143 190 143 157 196 117 219 186 219 
\099000_resized\099707.png 114 143 190 143 175 183 118 226 188 225 
\099000_resized\099708.png 114 143 190 143 165 201 114 220 188 217 
\099000_resized\099709.png 114 143 190 143 162 194 115 221 190 220 
\099000_resized\099710.png 114 143 190 143 141 191 119 227 183 227 
\099000_resized\099711.png 114 143 190 143 144 187 115 220 191 220 
\099000_resized\099712.png 114 143 190 143 152 194 116 219 188 217 
\099000_resized\099713.png 114 143 190 143 160 182 122 222 185 221 
\099000_resized\099714.png 114 143 190 143 147 175 116 219 188 218 
\099000_resized\099715.png 114 143 190 143 149 192 117 223 188 220 
\099000_resized\099716.png 114 143 190 143 140 183 117 222 190 220 
\099000_resized\099717.png 114 143 190 143 163 186 118 218 187 220 
\099000_resized\099718.png 114 143 190 143 152 186 110 219 191 219 
\099000_resized\099719.png 114 143 190 143 152 191 114 220 190 219 
\099000_resized\099720.png 114 143 190 143 142 189 118 227 186 228 
\099000_resized\099721.png 114 143 190 143 144 192 122 224 185 224 
\099000_resized\099722.png 114 143 190 143 147 192 115 216 191 217 
\099000_resized\099723.png 114 143 190 143 132 185 113 225 188 226 
\099000_resized\099724.png 114 143 190 143 144 183 114 214 194 215 
\099000_resized\099725.png 114 143 190 143 143 181 113 221 190 220 
\099000_resized\099726.png 114 143 190 143 154 194 120 220 186 217 
\099000_resized\099727.png 114 143 190 143 154 190 114 221 191 222 
\099000_resized\099728.png 114 143 190 143 154 188 118 220 189 221 
\099000_resized\099729.png 114 143 190 143 145 181 119 227 186 226 
\099000_resized\099730.png 114 143 190 143 135 186 113 225 190 227 
\099000_resized\099731.png 114 143 190 143 152 183 113 216 192 216 
\099000_resized\099732.png 114 143 190 143 167 189 120 226 185 224 
\099000_resized\099733.png 114 143 190 143 155 192 122 225 183 224 
\099000_resized\099734.png 114 143 190 143 152 190 114 221 192 220 
\099000_resized\099735.png 114 143 190 143 139 193 117 223 192 222 
\099000_resized\099736.png 114 143 190 143 139 188 115 218 189 222 
\099000_resized\099737.png 114 143 190 143 153 198 117 219 190 220 
\099000_resized\099738.png 114 143 190 143 155 193 116 219 191 217 
\099000_resized\099739.png 114 143 190 143 151 196 111 216 191 220 
\099000_resized\099740.png 114 143 190 143 141 187 113 218 190 220 
\099000_resized\099741.png 114 143 190 143 150 189 114 216 191 218 
\099000_resized\099742.png 114 143 190 143 155 187 118 224 184 224 
\099000_resized\099743.png 114 143 190 143 150 199 117 216 186 216 
\099000_resized\099744.png 114 143 190 143 149 187 122 229 180 227 
\099000_resized\099745.png 114 143 190 143 141 183 117 225 184 224 
\099000_resized\099746.png 114 143 190 143 166 184 121 218 187 213 
\099000_resized\099747.png 114 143 190 143 165 198 113 221 191 217 
\099000_resized\099748.png 114 143 190 143 153 189 116 220 191 221 
\099000_resized\099749.png 114 143 190 143 150 187 120 227 184 227 
\099000_resized\099750.png 114 143 190 143 148 191 115 222 188 225 
\099000_resized\099751.png 114 143 190 143 149 186 119 226 183 225 
\099000_resized\099752.png 114 143 190 143 146 184 118 227 186 225 
\099000_resized\099753.png 114 143 190 143 148 190 118 216 189 217 
\099000_resized\099754.png 114 143 190 143 151 176 124 219 178 218 
\099000_resized\099755.png 114 143 190 143 143 181 119 223 186 221 
\099000_resized\099756.png 114 143 190 143 178 183 124 229 188 226 
\099000_resized\099757.png 114 143 190 143 150 187 111 226 192 226 
\099000_resized\099758.png 114 143 190 143 161 188 117 219 189 219 
\099000_resized\099759.png 114 143 190 143 147 191 115 223 190 224 
\099000_resized\099760.png 114 143 190 143 158 187 121 214 188 213 
\099000_resized\099761.png 114 143 190 143 160 183 117 219 188 217 
\099000_resized\099762.png 114 143 190 143 160 188 120 220 183 220 
\099000_resized\099763.png 114 143 190 143 152 189 109 217 194 216 
\099000_resized\099764.png 114 143 190 143 162 190 113 218 190 217 
\099000_resized\099765.png 114 143 190 143 156 191 108 215 198 215 
\099000_resized\099766.png 114 143 190 143 133 190 116 225 187 226 
\099000_resized\099767.png 114 143 190 143 156 179 120 221 184 222 
\099000_resized\099768.png 114 143 190 143 173 186 121 225 186 228 
\099000_resized\099769.png 114 143 190 143 156 173 117 227 188 227 
\099000_resized\099770.png 114 143 190 143 157 193 117 224 186 222 
\099000_resized\099771.png 114 143 190 143 152 189 117 222 188 220 
\099000_resized\099772.png 114 143 190 143 164 181 117 222 193 223 
\099000_resized\099773.png 114 143 190 143 145 188 116 220 190 220 
\099000_resized\099774.png 114 143 190 143 151 190 113 219 188 221 
\099000_resized\099775.png 114 143 190 143 145 179 120 228 186 227 
\099000_resized\099776.png 114 143 190 143 154 184 120 226 185 225 
\099000_resized\099777.png 114 143 190 143 156 185 121 227 186 226 
\099000_resized\099778.png 114 143 190 143 153 189 110 219 193 220 
\099000_resized\099779.png 114 143 190 143 133 194 122 228 188 228 
\099000_resized\099780.png 114 143 190 143 152 193 116 211 186 212 
\099000_resized\099781.png 114 143 190 143 150 182 116 221 192 222 
\099000_resized\099782.png 114 143 190 143 158 191 117 221 190 221 
\099000_resized\099783.png 114 143 190 143 147 185 118 223 187 223 
\099000_resized\099784.png 114 143 190 143 164 189 120 221 186 220 
\099000_resized\099785.png 114 143 190 143 169 195 120 227 183 224 
\099000_resized\099786.png 114 143 190 143 155 184 118 221 187 220 
\099000_resized\099787.png 114 143 190 143 149 186 123 225 184 223 
\099000_resized\099788.png 114 143 190 143 140 191 113 219 193 222 
\099000_resized\099789.png 114 143 190 143 141 189 111 213 192 215 
\099000_resized\099790.png 114 143 190 143 143 188 116 222 187 223 
\099000_resized\099791.png 114 143 190 143 159 193 110 220 194 218 
\099000_resized\099792.png 114 143 190 143 156 191 113 220 189 220 
\099000_resized\099793.png 114 143 190 143 161 187 120 217 184 215 
\099000_resized\099794.png 114 143 190 143 160 190 114 222 188 218 
\099000_resized\099795.png 114 143 190 143 136 187 120 226 186 228 
\099000_resized\099796.png 114 143 190 143 155 181 117 219 187 219 
\099000_resized\099797.png 114 143 190 143 149 191 116 220 191 222 
\099000_resized\099798.png 114 143 190 143 157 191 116 217 193 213 
\099000_resized\099799.png 114 143 190 143 159 187 113 220 194 220 
\099000_resized\099800.png 114 143 190 143 175 185 111 224 191 222 
\099000_resized\099801.png 114 143 190 143 154 187 115 218 190 218 
\099000_resized\099802.png 114 143 190 143 166 192 115 215 190 214 
\099000_resized\099803.png 114 143 190 143 155 183 121 220 186 220 
\099000_resized\099804.png 114 143 190 143 162 186 112 218 191 215 
\099000_resized\099805.png 114 143 190 143 137 189 112 221 192 224 
\099000_resized\099806.png 114 143 190 143 150 188 114 217 191 219 
\099000_resized\099807.png 114 143 190 143 158 192 115 218 187 218 
\099000_resized\099808.png 114 143 190 143 157 192 114 222 188 220 
\099000_resized\099809.png 114 143 190 143 153 191 120 225 184 223 
\099000_resized\099810.png 114 143 190 143 154 198 117 220 189 221 
\099000_resized\099811.png 114 143 190 143 163 193 117 222 187 222 
\099000_resized\099812.png 114 143 190 143 150 185 120 218 190 215 
\099000_resized\099813.png 114 143 190 143 149 180 122 227 181 225 
\099000_resized\099814.png 114 143 190 143 140 184 115 217 189 219 
\099000_resized\099815.png 114 143 190 143 144 181 115 215 191 216 
\099000_resized\099816.png 114 143 190 143 156 185 119 218 187 217 
\099000_resized\099817.png 114 143 190 143 155 194 114 217 189 218 
\099000_resized\099818.png 114 143 190 143 148 200 112 216 192 217 
\099000_resized\099819.png 114 143 190 143 151 180 113 215 187 213 
\099000_resized\099820.png 114 143 190 143 160 191 115 218 189 217 
\099000_resized\099821.png 114 143 190 143 145 187 112 216 192 218 
\099000_resized\099822.png 114 143 190 143 147 185 118 217 190 215 
\099000_resized\099823.png 114 143 190 143 161 186 115 218 191 217 
\099000_resized\099824.png 114 143 190 143 157 186 118 216 189 215 
\099000_resized\099825.png 114 143 190 143 155 184 111 218 197 221 
\099000_resized\099826.png 114 143 190 143 159 191 117 218 188 217 
\099000_resized\099827.png 114 143 190 143 145 181 117 218 190 217 
\099000_resized\099828.png 114 143 190 143 136 186 120 227 180 227 
\099000_resized\099829.png 114 143 190 143 165 193 117 221 188 219 
\099000_resized\099830.png 114 143 190 143 151 188 115 218 191 218 
\099000_resized\099831.png 114 143 190 143 157 194 116 221 190 219 
\099000_resized\099832.png 114 143 190 143 155 184 118 222 190 224 
\099000_resized\099833.png 114 143 190 143 149 191 119 223 183 220 
\099000_resized\099834.png 114 143 190 143 133 191 117 226 188 226 
\099000_resized\099835.png 114 143 190 143 167 186 115 219 187 217 
\099000_resized\099836.png 114 143 190 143 164 191 112 223 195 223 
\099000_resized\099837.png 114 143 190 143 139 184 118 227 186 225 
\099000_resized\099838.png 114 143 190 143 138 180 116 216 191 217 
\099000_resized\099839.png 114 143 190 143 171 187 118 221 189 218 
\099000_resized\099840.png 114 143 190 143 153 188 117 226 189 224 
\099000_resized\099841.png 114 143 190 143 147 188 123 223 181 223 
\099000_resized\099842.png 114 143 190 143 160 184 123 227 182 227 
\099000_resized\099843.png 114 143 190 143 158 182 119 221 186 222 
\099000_resized\099844.png 114 143 190 143 156 184 113 221 194 220 
\099000_resized\099845.png 114 143 190 143 145 184 114 215 191 216 
\099000_resized\099846.png 114 143 190 143 151 184 118 216 192 215 
\099000_resized\099847.png 114 143 190 143 123 178 116 228 178 227 
\099000_resized\099848.png 114 143 190 143 165 194 112 223 191 221 
\099000_resized\099849.png 114 143 190 143 156 186 117 223 186 222 
\099000_resized\099850.png 114 143 190 143 162 196 114 219 189 217 
\099000_resized\099851.png 114 143 190 143 173 176 121 227 185 228 
\099000_resized\099852.png 114 143 190 143 154 184 116 219 191 219 
\099000_resized\099853.png 114 143 190 143 145 187 114 222 183 224 
\099000_resized\099854.png 114 143 190 143 149 187 123 229 181 227 
\099000_resized\099855.png 114 143 190 143 128 186 122 228 188 227 
\099000_resized\099856.png 114 143 190 143 152 187 123 218 187 221 
\099000_resized\099857.png 114 143 190 143 137 187 120 228 187 227 
\099000_resized\099858.png 114 143 190 143 147 183 120 225 184 224 
\099000_resized\099859.png 114 143 190 143 179 187 116 223 188 219 
\099000_resized\099860.png 114 143 190 143 146 184 115 222 193 224 
\099000_resized\099861.png 114 143 190 143 146 193 125 228 181 227 
\099000_resized\099862.png 114 143 190 143 156 186 116 223 189 220 
\099000_resized\099863.png 114 143 190 143 164 188 119 225 184 221 
\099000_resized\099864.png 114 143 190 143 151 199 119 227 184 227 
\099000_resized\099865.png 114 143 190 143 170 189 107 221 192 215 
\099000_resized\099866.png 114 143 190 143 148 181 124 219 181 218 
\099000_resized\099867.png 114 143 190 143 160 197 114 215 191 215 
\099000_resized\099868.png 114 143 190 143 149 197 119 223 190 223 
\099000_resized\099869.png 114 143 190 143 171 186 123 225 185 224 
\099000_resized\099870.png 114 143 190 143 153 190 114 219 191 219 
\099000_resized\099871.png 114 143 190 143 148 193 116 223 189 226 
\099000_resized\099872.png 114 143 190 143 151 187 116 216 190 217 
\099000_resized\099873.png 114 143 190 143 165 181 118 213 188 214 
\099000_resized\099874.png 114 143 190 143 153 181 120 219 185 220 
\099000_resized\099875.png 114 143 190 143 146 192 123 223 182 222 
\099000_resized\099876.png 114 143 190 143 148 192 115 218 192 217 
\099000_resized\099877.png 114 143 190 143 153 192 113 219 194 215 
\099000_resized\099878.png 114 143 190 143 148 192 114 217 193 219 
\099000_resized\099879.png 114 143 190 143 145 184 113 220 193 223 
\099000_resized\099880.png 114 143 190 143 148 192 117 223 189 223 
\099000_resized\099881.png 114 143 190 143 163 197 118 224 185 222 
\099000_resized\099882.png 114 143 190 143 154 189 113 219 192 218 
\099000_resized\099883.png 114 143 190 143 135 182 113 220 190 219 
\099000_resized\099884.png 114 143 190 143 147 185 116 222 185 221 
\099000_resized\099885.png 114 143 190 143 152 193 117 221 187 221 
\099000_resized\099886.png 114 143 190 143 146 191 114 216 191 216 
\099000_resized\099887.png 114 143 190 143 163 191 111 221 192 219 
\099000_resized\099888.png 114 143 190 143 144 183 115 219 186 219 
\099000_resized\099889.png 114 143 190 143 149 190 112 221 193 221 
\099000_resized\099890.png 114 143 190 143 154 183 128 219 178 218 
\099000_resized\099891.png 114 143 190 143 152 181 119 226 182 224 
\099000_resized\099892.png 114 143 190 143 140 183 111 219 193 219 
\099000_resized\099893.png 114 143 190 143 151 194 118 216 191 217 
\099000_resized\099894.png 114 143 190 143 144 191 111 220 193 223 
\099000_resized\099895.png 114 143 190 143 164 194 112 221 189 219 
\099000_resized\099896.png 114 143 190 143 148 179 127 224 180 226 
\099000_resized\099897.png 114 143 190 143 134 192 124 227 185 227 
\099000_resized\099898.png 114 143 190 143 158 196 117 219 192 216 
\099000_resized\099899.png 114 143 190 143 142 181 111 222 191 222 
\099000_resized\099900.png 114 143 190 143 154 184 116 220 190 219 
\099000_resized\099901.png 114 143 190 143 154 185 118 221 188 220 
\099000_resized\099902.png 114 143 190 143 161 179 123 225 186 226 
\099000_resized\099903.png 114 143 190 143 143 193 113 217 191 219 
\099000_resized\099904.png 114 143 190 143 134 184 118 226 188 225 
\099000_resized\099905.png 114 143 190 143 144 179 117 215 190 214 
\099000_resized\099906.png 114 143 190 143 155 194 116 227 188 226 
\099000_resized\099907.png 114 143 190 143 166 188 115 225 189 224 
\099000_resized\099908.png 114 143 190 143 148 179 118 218 192 216 
\099000_resized\099909.png 114 143 190 143 150 182 115 214 194 214 
\099000_resized\099910.png 114 143 190 143 157 187 112 218 192 218 
\099000_resized\099911.png 114 143 190 143 160 189 110 218 197 215 
\099000_resized\099912.png 114 143 190 143 159 193 117 222 190 221 
\099000_resized\099913.png 114 143 190 143 165 183 118 226 185 224 
\099000_resized\099914.png 114 143 190 143 145 184 111 221 190 224 
\099000_resized\099915.png 114 143 190 143 155 184 118 224 188 224 
\099000_resized\099916.png 114 143 190 143 169 182 114 219 192 218 
\099000_resized\099917.png 114 143 190 143 178 189 116 224 185 224 
\099000_resized\099918.png 114 143 190 143 154 189 123 225 184 224 
\099000_resized\099919.png 114 143 190 143 151 183 115 220 193 220 
\099000_resized\099920.png 114 143 190 143 156 186 118 216 191 217 
\099000_resized\099921.png 114 143 190 143 171 186 119 222 188 220 
\099000_resized\099922.png 114 143 190 143 138 178 122 232 183 228 
\099000_resized\099923.png 114 143 190 143 157 186 121 227 186 225 
\099000_resized\099924.png 114 143 190 143 154 185 120 221 184 220 
\099000_resized\099925.png 114 143 190 143 157 188 114 217 190 216 
\099000_resized\099926.png 114 143 190 143 143 188 114 216 189 217 
\099000_resized\099927.png 114 143 190 143 149 198 122 225 187 224 
\099000_resized\099928.png 114 143 190 143 152 196 116 216 191 216 
\099000_resized\099929.png 114 143 190 143 147 196 113 217 193 219 
\099000_resized\099930.png 114 143 190 143 155 188 114 222 190 223 
\099000_resized\099931.png 114 143 190 143 151 192 116 227 190 229 
\099000_resized\099932.png 114 143 190 143 153 197 119 219 187 218 
\099000_resized\099933.png 114 143 190 143 151 191 114 215 190 217 
\099000_resized\099934.png 114 143 190 143 167 197 113 221 190 220 
\099000_resized\099935.png 114 143 190 143 150 194 117 217 191 217 
\099000_resized\099936.png 114 143 190 143 158 195 114 222 191 220 
\099000_resized\099937.png 114 143 190 143 150 189 120 219 181 220 
\099000_resized\099938.png 114 143 190 143 149 186 128 228 180 228 
\099000_resized\099939.png 114 143 190 143 150 175 115 220 188 219 
\099000_resized\099940.png 114 143 190 143 162 198 112 216 191 215 
\099000_resized\099941.png 114 143 190 143 151 176 123 228 179 228 
\099000_resized\099942.png 114 143 190 143 144 197 117 224 189 224 
\099000_resized\099943.png 114 143 190 143 161 191 123 224 186 224 
\099000_resized\099944.png 114 143 190 143 138 193 114 221 193 223 
\099000_resized\099945.png 114 143 190 143 163 189 120 226 186 224 
\099000_resized\099946.png 114 143 190 143 151 186 120 224 186 223 
\099000_resized\099947.png 114 143 190 143 153 191 116 228 186 227 
\099000_resized\099948.png 114 143 190 143 153 194 118 222 187 221 
\099000_resized\099949.png 114 143 190 143 152 198 114 214 190 215 
\099000_resized\099950.png 114 143 190 143 146 188 118 215 192 216 
\099000_resized\099951.png 114 143 190 143 153 177 121 225 186 225 
\099000_resized\099952.png 114 143 190 143 135 192 113 221 193 226 
\099000_resized\099953.png 114 143 190 143 166 194 113 223 191 222 
\099000_resized\099954.png 114 143 190 143 137 178 121 224 179 223 
\099000_resized\099955.png 114 143 190 143 154 186 114 212 191 214 
\099000_resized\099956.png 114 143 190 143 133 189 124 230 181 229 
\099000_resized\099957.png 114 143 190 143 165 185 115 218 187 218 
\099000_resized\099958.png 114 143 190 143 143 194 116 224 186 227 
\099000_resized\099959.png 114 143 190 143 172 187 125 225 185 224 
\099000_resized\099960.png 114 143 190 143 156 194 113 211 189 215 
\099000_resized\099961.png 114 143 190 143 154 197 112 216 192 216 
\099000_resized\099962.png 114 143 190 143 150 194 113 218 190 218 
\099000_resized\099963.png 114 143 190 143 146 187 114 219 193 217 
\099000_resized\099964.png 114 143 190 143 127 196 115 222 194 225 
\099000_resized\099965.png 114 143 190 143 131 195 118 227 188 229 
\099000_resized\099966.png 114 143 190 143 152 186 117 228 190 226 
\099000_resized\099967.png 114 143 190 143 178 179 124 227 189 226 
\099000_resized\099968.png 114 143 190 143 157 193 119 223 188 224 
\099000_resized\099969.png 114 143 190 143 153 199 121 227 183 227 
\099000_resized\099970.png 114 143 190 143 131 190 115 224 190 229 
\099000_resized\099971.png 114 143 190 143 151 191 112 216 190 216 
\099000_resized\099972.png 114 143 190 143 147 189 114 224 189 224 
\099000_resized\099973.png 114 143 190 143 148 195 115 221 193 220 
\099000_resized\099974.png 114 143 190 143 160 184 120 223 186 222 
\099000_resized\099975.png 114 143 190 143 170 194 116 226 188 225 
\099000_resized\099976.png 114 143 190 143 169 193 113 221 190 219 
\099000_resized\099977.png 114 143 190 143 139 188 116 221 190 219 
\099000_resized\099978.png 114 143 190 143 176 199 110 227 189 220 
\099000_resized\099979.png 114 143 190 143 162 196 119 222 186 220 
\099000_resized\099980.png 114 143 190 143 170 195 116 226 189 223 
\099000_resized\099981.png 114 143 190 143 162 192 118 223 188 217 
\099000_resized\099982.png 114 143 190 143 149 187 122 216 186 216 
\099000_resized\099983.png 114 143 190 143 153 194 118 219 189 219 
\099000_resized\099984.png 114 143 190 143 149 185 116 226 186 225 
\099000_resized\099985.png 114 143 190 143 144 182 118 222 183 222 
\099000_resized\099986.png 114 143 190 143 154 194 118 222 188 220 
\099000_resized\099987.png 114 143 190 143 146 187 113 221 193 220 
\099000_resized\099988.png 114 143 190 143 154 187 111 219 189 219 
\099000_resized\099989.png 114 143 190 143 154 188 116 225 192 226 
\099000_resized\099990.png 114 143 190 143 159 187 116 220 191 219 
\099000_resized\099991.png 114 143 190 143 151 192 123 221 185 220 
\099000_resized\099992.png 114 143 190 143 156 177 115 218 190 217 
\099000_resized\099993.png 114 143 190 143 150 188 115 212 191 212 
\099000_resized\099994.png 114 143 190 143 157 191 117 221 187 221 
\099000_resized\099995.png 114 143 190 143 152 188 119 226 185 227 
\099000_resized\099996.png 114 143 190 143 157 193 114 218 192 217 
\099000_resized\099997.png 114 143 190 143 152 190 123 222 183 221 
\099000_resized\099998.png 114 143 190 143 137 187 121 223 186 222 
\099000_resized\099999.png 114 143 190 143 155 177 115 218 191 217 
